0	0 0 
1	1 0 
2	1 1 
3	0 1 
4	0 0 
5	0 0 
6	1 1 
7	0 0 
8	0 0 
9	1 1 
10	1 1 
11	0 0 
12	0 1 
13	1 1 
14	1 0 
15	1 1 
16	0 0 
17	1 1 
18	1 1 
19	0 1 
20	0 0 
21	0 0 
22	1 1 
23	0 0 
24	0 0 
25	1 0 
26	0 1 
27	1 1 
28	1 0 
29	1 1 
30	0 1 
31	1 1 
32	0 0 
33	0 0 
34	0 0 
35	0 0 
36	1 1 
37	0 0 
38	1 0 
39	0 1 
40	1 1 
41	0 0 
42	1 1 
43	0 0 
44	1 1 
45	0 0 
46	1 1 
47	0 0 
48	0 0 
49	0 0 
50	0 0 
51	1 1 
52	0 0 
53	0 0 
54	1 1 
55	1 1 
56	0 0 
57	1 1 
58	0 0 
59	1 0 
60	1 1 
61	0 1 
62	1 0 
63	0 0 
64	0 0 
65	0 0 
66	0 0 
67	0 0 
68	1 1 
69	0 0 
70	0 0 
71	0 0 
72	1 0 
73	0 0 
74	0 0 
75	1 1 
76	1 1 
77	1 1 
78	0 0 
79	1 0 
80	0 1 
81	1 0 
82	0 0 
83	0 0 
84	0 0 
85	0 0 
86	0 0 
87	0 1 
88	1 0 
89	0 0 
90	0 0 
91	0 0 
92	1 1 
93	0 0 
94	0 1 
95	1 1 
96	0 0 
97	0 0 
98	0 1 
99	1 0 
100	1 1 
101	0 0 
102	0 0 
103	1 1 
104	1 1 
105	1 0 
106	0 0 
107	0 0 
108	1 0 
109	0 0 
110	0 1 
111	1 1 
112	0 0 
113	0 0 
114	0 0 
115	0 0 
116	0 0 
117	1 1 
118	0 0 
119	0 0 
120	1 1 
121	0 0 
122	1 1 
123	0 0 
124	1 0 
125	0 0 
126	0 0 
127	1 1 
128	0 0 
129	0 0 
130	0 1 
131	0 0 
132	0 0 
133	1 1 
134	1 1 
135	1 0 
136	0 1 
137	0 0 
138	1 1 
139	1 0 
140	1 1 
141	1 0 
142	1 1 
143	1 0 
144	1 1 
145	0 0 
146	0 0 
147	1 1 
148	0 0 
149	0 0 
150	0 0 
151	0 1 
152	1 1 
153	0 0 
154	1 1 
155	1 0 
156	1 0 
157	0 0 
158	0 0 
159	0 0 
160	0 0 
161	0 0 
162	0 0 
163	1 1 
164	0 1 
165	0 0 
166	0 0 
167	1 1 
168	1 0 
169	1 1 
170	1 1 
171	1 0 
172	1 1 
173	1 0 
174	0 0 
175	1 1 
176	0 0 
177	0 0 
178	0 1 
179	0 1 
180	1 1 
181	0 0 
182	0 0 
183	1 1 
184	1 1 
185	0 0 
186	0 0 
187	0 0 
188	0 0 
189	0 0 
190	1 1 
191	0 0 
192	0 0 
193	1 0 
194	0 0 
195	1 1 
196	1 1 
197	0 0 
198	0 0 
199	1 1 
200	1 1 
201	0 0 
202	1 1 
203	0 0 
204	0 0 
205	1 1 
206	1 1 
207	0 1 
208	1 1 
209	0 0 
210	1 1 
211	1 1 
212	0 0 
213	1 1 
214	0 0 
215	0 0 
216	0 0 
217	0 0 
218	0 0 
219	0 0 
220	1 1 
221	0 0 
222	0 0 
223	1 1 
224	0 0 
225	0 0 
226	1 1 
227	0 0 
228	1 1 
229	0 0 
230	1 1 
231	1 1 
232	0 1 
233	0 1 
234	0 0 
235	0 0 
236	0 0 
237	0 1 
238	1 1 
239	0 0 
240	0 0 
241	1 1 
242	0 0 
243	0 0 
244	1 1 
245	1 0 
246	0 0 
247	1 1 
248	0 0 
249	1 0 
250	0 0 
251	1 1 
252	1 0 
253	1 1 
254	0 0 
255	0 0 
256	1 0 
257	1 1 
258	1 1 
259	0 0 
260	0 0 
261	0 0 
262	1 1 
263	1 1 
264	0 0 
265	0 0 
266	1 1 
267	1 1 
268	1 1 
269	1 1 
270	1 0 
271	1 1 
272	0 0 
273	0 0 
274	0 0 
275	1 1 
276	0 0 
277	1 1 
278	0 0 
279	0 1 
280	0 0 
281	1 1 
282	1 1 
283	0 0 
284	0 0 
285	1 1 
286	0 0 
287	0 0 
288	0 0 
289	0 0 
290	1 1 
291	0 0 
292	1 0 
293	1 1 
294	1 1 
295	1 0 
296	1 1 
297	0 0 
298	0 0 
299	1 1 
300	0 0 
301	1 1 
302	0 1 
303	1 1 
304	0 0 
305	0 0 
306	0 0 
307	0 1 
308	1 1 
309	0 0 
310	1 1 
311	1 1 
312	0 0 
313	1 1 
314	1 1 
315	0 1 
316	0 0 
317	0 0 
318	0 0 
319	1 1 
320	0 0 
321	0 0 
322	1 1 
323	0 0 
324	0 0 
325	0 1 
326	1 1 
327	0 0 
328	0 0 
329	1 0 
330	0 0 
331	0 0 
332	1 1 
333	0 1 
334	1 1 
335	1 0 
336	0 0 
337	1 0 
338	1 1 
339	0 1 
340	1 0 
341	0 1 
342	1 1 
343	0 0 
344	0 1 
345	0 0 
346	0 0 
347	1 1 
348	1 1 
349	1 0 
350	1 1 
351	0 0 
352	1 1 
353	0 0 
354	0 0 
355	0 0 
356	1 1 
357	1 1 
358	1 0 
359	0 0 
360	0 0 
361	1 1 
362	1 1 
363	0 0 
364	0 0 
365	1 1 
366	0 0 
367	0 1 
368	1 1 
369	0 0 
370	1 0 
371	0 0 
372	0 1 
373	0 0 
374	1 1 
375	1 1 
376	1 1 
377	0 0 
378	1 1 
379	0 0 
380	0 0 
381	1 0 
382	1 1 
383	1 1 
384	0 0 
385	0 0 
386	0 0 
387	0 1 
388	0 0 
389	0 0 
390	0 0 
391	0 0 
392	0 0 
393	0 0 
394	1 1 
395	0 0 
396	1 1 
397	0 0 
398	0 0 
399	0 0 
400	1 1 
401	1 1 
402	1 1 
403	1 1 
404	0 1 
405	0 0 
406	0 1 
407	1 1 
408	1 1 
409	1 1 
410	0 0 
411	0 0 
412	1 1 
413	0 1 
414	1 1 
415	0 0 
416	1 1 
417	0 1 
418	0 0 
419	0 0 
420	0 0 
421	0 0 
422	0 0 
423	1 1 
424	1 1 
425	1 0 
426	0 0 
427	1 1 
428	1 0 
429	0 1 
430	1 1 
431	1 1 
432	1 1 
433	1 0 
434	1 1 
435	1 1 
436	0 0 
437	0 0 
438	1 1 
439	0 0 
440	0 0 
441	0 0 
442	1 1 
443	1 1 
444	0 1 
445	0 0 
446	1 0 
447	0 0 
448	0 1 
449	1 1 
450	1 1 
451	0 0 
452	0 1 
453	1 1 
454	0 0 
455	0 0 
456	1 1 
457	1 1 
458	0 0 
459	0 0 
460	0 0 
461	0 0 
462	1 1 
463	1 1 
464	0 0 
465	0 0 
466	1 1 
467	0 0 
468	1 1 
469	1 1 
470	1 1 
471	1 1 
472	0 0 
473	1 1 
474	1 1 
475	1 1 
476	1 1 
477	0 0 
478	0 0 
479	0 0 
480	0 0 
481	0 0 
482	1 0 
483	1 1 
484	1 1 
485	1 0 
486	0 0 
487	0 1 
488	1 1 
489	0 0 
490	0 0 
491	0 0 
492	1 1 
493	0 0 
494	0 0 
495	1 1 
496	0 0 
497	0 1 
498	0 0 
499	0 0 
500	0 0 
501	0 0 
502	0 0 
503	1 0 
504	1 1 
505	0 0 
506	0 0 
507	0 0 
508	0 0 
509	1 1 
510	1 1 
511	0 0 
512	1 1 
513	1 1 
514	0 0 
515	0 0 
516	1 1 
517	1 0 
518	0 0 
519	0 0 
520	1 1 
521	1 1 
522	0 0 
523	1 1 
524	0 1 
525	1 0 
526	0 1 
527	1 1 
528	0 0 
529	0 0 
530	1 1 
531	0 0 
532	1 1 
533	0 0 
534	0 0 
535	1 0 
536	0 0 
537	0 0 
538	1 1 
539	0 0 
540	0 0 
541	0 0 
542	0 0 
543	0 0 
544	0 1 
545	1 1 
546	0 0 
547	0 0 
548	0 0 
549	1 1 
550	1 1 
551	0 1 
552	0 0 
553	1 1 
554	1 1 
555	1 1 
556	0 1 
557	1 1 
558	0 0 
559	0 0 
560	1 1 
561	0 0 
562	0 0 
563	0 0 
564	1 1 
565	0 0 
566	0 0 
567	0 0 
568	0 0 
569	0 0 
570	1 1 
571	1 1 
572	0 0 
573	0 0 
574	0 1 
575	1 1 
576	1 0 
577	1 1 
578	0 0 
579	0 0 
580	1 1 
581	0 0 
582	0 1 
583	0 0 
584	1 0 
585	0 0 
586	1 1 
587	0 0 
588	1 1 
589	0 0 
590	0 0 
591	0 0 
592	0 0 
593	0 0 
594	0 1 
595	0 0 
596	1 1 
597	0 1 
598	1 1 
599	0 0 
600	1 1 
601	1 1 
602	0 0 
603	1 1 
604	0 0 
605	1 1 
606	0 0 
607	1 1 
608	0 1 
609	0 0 
610	0 0 
611	1 0 
612	1 0 
613	0 0 
614	1 1 
615	0 0 
616	1 1 
617	0 0 
618	1 1 
619	1 1 
620	0 0 
621	0 0 
622	0 0 
623	1 1 
624	1 1 
625	0 0 
626	0 0 
627	0 0 
628	1 1 
629	0 0 
630	0 0 
631	0 0 
632	0 0 
633	1 1 
634	1 1 
635	1 1 
636	1 1 
637	0 0 
638	1 1 
639	0 0 
640	0 0 
641	1 1 
642	0 0 
643	1 1 
644	1 1 
645	0 0 
646	0 0 
647	1 1 
648	0 0 
649	0 0 
650	1 1 
651	0 0 
652	0 0 
653	0 0 
654	0 0 
655	0 0 
656	0 0 
657	0 0 
658	0 0 
659	0 0 
660	0 0 
661	0 0 
662	0 0 
663	1 1 
664	1 1 
665	1 1 
666	0 0 
667	1 1 
668	0 0 
669	1 1 
670	1 1 
671	1 1 
672	0 0 
673	1 1 
674	1 1 
675	1 1 
676	0 0 
677	0 0 
678	0 0 
679	1 1 
680	1 1 
681	0 0 
682	1 1 
683	1 1 
684	1 1 
685	1 1 
686	0 1 
687	1 1 
688	0 0 
689	1 1 
690	1 1 
691	0 0 
692	1 1 
693	0 0 
694	0 0 
695	0 0 
696	0 1 
697	0 0 
698	0 0 
699	0 0 
700	0 0 
701	0 0 
702	1 1 
703	0 0 
704	0 0 
705	0 0 
706	1 1 
707	1 0 
708	1 1 
709	1 1 
710	1 1 
711	1 1 
712	0 0 
713	0 0 
714	1 0 
715	0 0 
716	1 1 
717	1 1 
718	0 0 
719	0 0 
720	0 0 
721	0 0 
722	1 0 
723	1 1 
724	0 0 
725	0 1 
726	1 0 
727	0 0 
728	1 1 
729	0 0 
730	1 1 
731	0 1 
732	0 0 
733	1 1 
734	0 0 
735	0 0 
736	1 0 
737	1 1 
738	1 0 
739	1 0 
740	0 0 
741	1 1 
742	0 0 
743	1 1 
744	0 0 
745	0 0 
746	1 1 
747	0 0 
748	1 1 
749	0 1 
750	1 1 
751	0 1 
752	0 1 
753	1 1 
754	1 1 
755	0 0 
756	0 0 
757	0 0 
758	1 1 
759	1 1 
760	1 1 
761	1 0 
762	1 1 
763	1 1 
764	0 0 
765	1 1 
766	1 1 
767	0 0 
768	1 1 
769	1 1 
770	0 0 
771	1 0 
772	0 0 
773	1 1 
774	1 0 
775	0 0 
776	1 1 
777	1 1 
778	0 0 
779	1 1 
780	1 1 
781	0 1 
782	1 0 
783	0 0 
784	1 1 
785	1 1 
786	0 0 
787	0 0 
788	0 0 
789	0 0 
790	0 0 
791	1 1 
792	0 1 
793	0 0 
794	1 1 
795	1 1 
796	0 0 
797	1 1 
798	1 1 
799	1 1 
800	0 0 
801	1 1 
802	0 1 
803	1 0 
804	1 1 
805	1 1 
806	1 0 
807	0 0 
808	0 1 
809	0 0 
810	0 0 
811	1 0 
812	0 0 
813	0 0 
814	1 1 
815	1 1 
816	0 0 
817	1 1 
818	1 1 
819	1 1 
820	0 0 
821	1 1 
822	1 0 
823	1 1 
824	0 0 
825	0 0 
826	0 0 
827	1 1 
828	0 0 
829	0 0 
830	0 0 
831	1 1 
832	0 0 
833	1 1 
834	1 1 
835	0 0 
836	0 0 
837	0 0 
838	0 0 
839	0 0 
840	0 0 
841	0 1 
842	0 0 
843	1 1 
844	0 0 
845	1 1 
846	0 0 
847	1 1 
848	0 0 
849	0 0 
850	1 1 
851	0 0 
852	0 0 
853	1 1 
854	1 1 
855	0 0 
856	1 1 
857	1 1 
858	0 0 
859	0 0 
860	1 1 
861	1 1 
862	1 1 
863	0 0 
864	0 0 
865	0 0 
866	0 0 
867	0 0 
868	1 1 
869	0 1 
870	1 1 
871	1 1 
872	0 0 
873	0 0 
874	0 0 
875	0 0 
876	1 1 
877	0 0 
878	0 0 
879	1 1 
880	1 1 
881	1 1 
882	1 1 
883	1 1 
884	1 0 
885	1 1 
886	1 1 
887	0 0 
888	0 0 
889	0 0 
890	0 0 
891	0 0 
892	0 0 
893	1 1 
894	1 1 
895	0 0 
896	1 1 
897	1 1 
898	0 0 
899	0 0 
900	0 1 
901	0 0 
902	1 1 
903	0 0 
904	0 0 
905	0 1 
906	0 0 
907	0 0 
908	1 1 
909	1 1 
910	1 1 
911	1 1 
912	1 1 
913	1 1 
914	0 0 
915	1 0 
916	0 0 
917	1 1 
918	1 1 
919	0 0 
920	0 0 
921	1 1 
922	1 1 
923	1 1 
924	0 0 
925	0 0 
926	0 0 
927	0 0 
928	0 0 
929	1 1 
930	1 1 
931	1 0 
932	1 1 
933	1 1 
934	0 0 
935	1 1 
936	1 1 
937	0 0 
938	0 1 
939	1 1 
940	0 0 
941	0 0 
942	1 1 
943	0 1 
944	1 0 
945	0 0 
946	1 1 
947	0 1 
948	1 1 
949	0 0 
950	0 0 
951	1 1 
952	0 0 
953	0 0 
954	0 0 
955	0 0 
956	1 1 
957	0 0 
958	0 0 
959	0 0 
960	0 0 
961	1 1 
962	0 0 
963	1 1 
964	0 0 
965	0 0 
966	0 0 
967	1 1 
968	0 0 
969	1 1 
970	0 0 
971	1 1 
972	0 0 
973	0 0 
974	0 0 
975	0 0 
976	0 0 
977	0 0 
978	1 1 
979	0 0 
980	0 0 
981	0 0 
982	0 0 
983	1 1 
984	1 0 
985	1 1 
986	1 1 
987	0 0 
988	0 0 
989	0 0 
990	0 0 
991	0 0 
992	0 0 
993	0 0 
994	0 1 
995	0 0 
996	0 0 
997	1 1 
998	0 0 
999	0 0 
1000	1 1 
1001	0 0 
1002	1 0 
1003	0 0 
1004	0 0 
1005	1 1 
1006	0 0 
1007	1 0 
1008	0 0 
1009	1 1 
1010	1 0 
1011	0 1 
1012	1 1 
1013	0 0 
1014	1 1 
1015	0 0 
1016	1 1 
1017	1 1 
1018	0 0 
1019	0 0 
1020	0 0 
1021	0 0 
1022	0 0 
1023	1 0 
1024	0 0 
1025	0 1 
1026	0 0 
1027	0 0 
1028	0 0 
1029	0 0 
1030	0 0 
1031	0 0 
1032	1 1 
1033	1 1 
1034	0 0 
1035	1 1 
1036	1 1 
1037	0 0 
1038	0 1 
1039	1 1 
1040	0 1 
1041	0 0 
1042	0 0 
1043	0 0 
1044	0 0 
1045	0 0 
1046	0 0 
1047	0 0 
1048	1 1 
1049	1 1 
1050	1 1 
1051	0 0 
1052	1 1 
1053	0 0 
1054	1 1 
1055	0 0 
1056	0 0 
1057	0 0 
1058	1 1 
1059	1 1 
1060	1 1 
1061	0 0 
1062	0 0 
1063	0 0 
1064	1 1 
1065	1 1 
1066	0 0 
1067	0 1 
1068	0 0 
1069	1 1 
1070	1 1 
1071	1 1 
1072	1 1 
1073	0 0 
1074	1 1 
1075	0 0 
1076	0 0 
1077	1 0 
1078	0 0 
1079	1 1 
1080	1 0 
1081	1 1 
1082	1 1 
1083	1 0 
1084	1 1 
1085	0 0 
1086	0 0 
1087	0 0 
1088	0 0 
1089	0 0 
1090	1 1 
1091	0 0 
1092	0 1 
1093	1 1 
1094	1 1 
1095	0 0 
1096	0 0 
1097	1 1 
1098	0 0 
1099	1 1 
1100	0 0 
1101	0 1 
1102	0 0 
1103	1 1 
1104	0 0 
1105	1 1 
1106	1 1 
1107	0 0 
1108	0 0 
1109	1 1 
1110	1 1 
1111	1 1 
1112	1 1 
1113	1 1 
1114	0 0 
1115	1 1 
1116	0 0 
1117	0 0 
1118	0 0 
1119	0 0 
1120	0 0 
1121	1 1 
1122	1 1 
1123	0 0 
1124	1 1 
1125	0 0 
1126	0 0 
1127	1 1 
1128	1 1 
1129	1 0 
1130	0 0 
1131	1 1 
1132	1 1 
1133	0 0 
1134	0 0 
1135	0 0 
1136	1 1 
1137	1 0 
1138	0 0 
1139	0 0 
1140	1 1 
1141	1 1 
1142	0 0 
1143	1 1 
1144	0 0 
1145	0 0 
1146	0 0 
1147	0 0 
1148	0 0 
1149	0 0 
1150	0 0 
1151	0 0 
1152	1 1 
1153	1 1 
1154	1 1 
1155	1 1 
1156	0 1 
1157	1 0 
1158	0 0 
1159	0 0 
1160	0 0 
1161	1 1 
1162	0 0 
1163	1 1 
1164	0 0 
1165	1 1 
1166	1 1 
1167	0 1 
1168	1 1 
1169	0 0 
1170	0 0 
1171	1 1 
1172	0 0 
1173	1 1 
1174	1 1 
1175	0 0 
1176	0 0 
1177	1 0 
1178	0 0 
1179	0 0 
1180	0 0 
1181	0 0 
1182	1 1 
1183	1 1 
1184	1 1 
1185	0 1 
1186	1 1 
1187	1 1 
1188	0 0 
1189	0 0 
1190	0 0 
1191	0 0 
1192	1 1 
1193	1 1 
1194	0 0 
1195	1 1 
1196	1 1 
1197	1 1 
1198	1 0 
1199	1 1 
1200	0 0 
1201	1 1 
1202	0 0 
1203	0 0 
1204	1 0 
1205	1 0 
1206	0 0 
1207	0 0 
1208	1 1 
1209	0 0 
1210	1 1 
1211	0 1 
1212	0 0 
1213	1 1 
1214	0 1 
1215	1 1 
1216	1 0 
1217	1 1 
1218	0 0 
1219	1 1 
1220	0 0 
1221	0 0 
1222	0 0 
1223	0 0 
1224	0 0 
1225	0 0 
1226	0 0 
1227	0 0 
1228	1 1 
1229	0 0 
1230	0 0 
1231	1 1 
1232	1 1 
1233	1 1 
1234	0 0 
1235	0 0 
1236	1 1 
1237	1 1 
1238	1 1 
1239	0 1 
1240	0 0 
1241	0 0 
1242	1 1 
1243	0 0 
1244	1 1 
1245	1 1 
1246	0 0 
1247	0 0 
1248	0 0 
1249	1 1 
1250	1 1 
1251	1 0 
1252	1 1 
1253	0 0 
1254	0 1 
1255	1 0 
1256	0 0 
1257	0 0 
1258	0 0 
1259	1 1 
1260	0 0 
1261	1 1 
1262	0 0 
1263	0 0 
1264	0 0 
1265	1 1 
1266	0 0 
1267	1 1 
1268	0 0 
1269	0 0 
1270	1 1 
1271	1 1 
1272	0 0 
1273	1 1 
1274	1 1 
1275	1 0 
1276	0 0 
1277	1 1 
1278	1 1 
1279	0 0 
1280	1 1 
1281	0 0 
1282	1 0 
1283	0 1 
1284	0 0 
1285	1 1 
1286	0 0 
1287	1 1 
1288	0 0 
1289	0 0 
1290	1 1 
1291	1 1 
1292	0 0 
1293	0 0 
1294	0 0 
1295	1 1 
1296	0 1 
1297	1 1 
1298	0 0 
1299	0 0 
1300	0 0 
1301	1 1 
1302	0 0 
1303	1 1 
1304	1 1 
1305	0 0 
1306	0 0 
1307	0 0 
1308	0 0 
1309	0 0 
1310	0 0 
1311	0 1 
1312	0 0 
1313	1 0 
1314	1 1 
1315	0 0 
1316	1 1 
1317	0 0 
1318	1 1 
1319	0 1 
1320	0 0 
1321	0 0 
1322	0 0 
1323	0 0 
1324	0 0 
1325	0 0 
1326	0 0 
1327	0 1 
1328	0 0 
1329	0 1 
1330	1 0 
1331	1 0 
1332	1 1 
1333	1 0 
1334	1 1 
1335	1 0 
1336	0 0 
1337	0 0 
1338	1 1 
1339	0 0 
1340	1 0 
1341	1 1 
1342	0 1 
1343	0 0 
1344	1 0 
1345	1 1 
1346	0 0 
1347	1 0 
1348	0 0 
1349	1 0 
1350	1 1 
1351	0 0 
1352	0 0 
1353	1 1 
1354	0 0 
1355	1 1 
1356	1 0 
1357	0 0 
1358	1 1 
1359	0 0 
1360	1 1 
1361	0 1 
1362	1 1 
1363	0 0 
1364	1 1 
1365	1 1 
1366	0 0 
1367	0 0 
1368	0 0 
1369	0 1 
1370	0 0 
1371	1 1 
1372	0 0 
1373	0 0 
1374	0 0 
1375	1 0 
1376	0 1 
1377	1 1 
1378	1 1 
1379	0 0 
1380	1 0 
1381	1 1 
1382	1 1 
1383	1 1 
1384	0 0 
1385	1 1 
1386	0 0 
1387	1 1 
1388	1 1 
1389	0 0 
1390	0 0 
1391	0 0 
1392	0 0 
1393	0 0 
1394	1 1 
1395	0 0 
1396	0 1 
1397	0 0 
1398	1 1 
1399	1 1 
1400	0 0 
1401	1 1 
1402	0 0 
1403	0 0 
1404	1 1 
1405	0 0 
1406	0 1 
1407	1 1 
1408	1 1 
1409	0 0 
1410	1 1 
1411	1 1 
1412	0 0 
1413	1 1 
1414	1 1 
1415	0 0 
1416	1 1 
1417	1 1 
1418	0 0 
1419	0 0 
1420	1 1 
1421	0 0 
1422	1 1 
1423	0 0 
1424	1 1 
1425	0 0 
1426	0 0 
1427	1 1 
1428	0 0 
1429	1 0 
1430	1 1 
1431	0 0 
1432	0 0 
1433	0 0 
1434	1 1 
1435	1 1 
1436	1 0 
1437	0 0 
1438	1 1 
1439	0 0 
1440	0 0 
1441	1 1 
1442	0 0 
1443	0 0 
1444	0 1 
1445	0 0 
1446	1 1 
1447	1 1 
1448	1 1 
1449	1 1 
1450	0 0 
1451	1 1 
1452	1 1 
1453	1 1 
1454	1 1 
1455	0 0 
1456	1 1 
1457	1 1 
1458	1 1 
1459	0 0 
1460	0 0 
1461	1 1 
1462	0 0 
1463	1 0 
1464	0 1 
1465	0 0 
1466	0 0 
1467	1 1 
1468	1 1 
1469	1 1 
1470	0 0 
1471	1 1 
1472	0 0 
1473	1 1 
1474	1 0 
1475	0 0 
1476	0 0 
1477	0 0 
1478	1 1 
1479	1 1 
1480	0 0 
1481	0 0 
1482	0 0 
1483	1 1 
1484	1 1 
1485	0 0 
1486	0 1 
1487	0 0 
1488	1 0 
1489	0 1 
1490	0 0 
1491	1 1 
1492	0 0 
1493	0 0 
1494	1 0 
1495	0 0 
1496	0 0 
1497	0 1 
1498	1 1 
1499	0 1 
1500	1 1 
1501	0 0 
1502	0 1 
1503	1 1 
1504	0 1 
1505	1 1 
1506	1 1 
1507	0 0 
1508	0 0 
1509	1 0 
1510	0 1 
1511	1 1 
1512	0 0 
1513	1 1 
1514	1 1 
1515	0 0 
1516	1 1 
1517	1 1 
1518	1 1 
1519	0 0 
1520	1 1 
1521	1 0 
1522	0 0 
1523	0 0 
1524	1 1 
1525	1 1 
1526	0 0 
1527	0 0 
1528	1 1 
1529	0 0 
1530	0 0 
1531	1 0 
1532	1 0 
1533	1 1 
1534	0 1 
1535	0 0 
1536	0 0 
1537	0 0 
1538	0 0 
1539	0 0 
1540	0 0 
1541	0 0 
1542	1 1 
1543	0 0 
1544	1 1 
1545	1 1 
1546	1 1 
1547	1 1 
1548	0 1 
1549	1 0 
1550	0 1 
1551	0 0 
1552	0 1 
1553	0 0 
1554	1 1 
1555	0 0 
1556	0 0 
1557	0 1 
1558	0 0 
1559	1 0 
1560	0 0 
1561	1 1 
1562	0 0 
1563	1 1 
1564	1 0 
1565	0 1 
1566	0 0 
1567	0 1 
1568	0 0 
1569	0 0 
1570	0 0 
1571	0 0 
1572	1 0 
1573	1 1 
1574	0 0 
1575	1 1 
1576	0 1 
1577	0 0 
1578	0 0 
1579	0 0 
1580	0 0 
1581	0 0 
1582	1 1 
1583	0 0 
1584	0 0 
1585	1 1 
1586	1 1 
1587	1 1 
1588	1 1 
1589	1 1 
1590	1 1 
1591	1 1 
1592	0 1 
1593	1 1 
1594	1 1 
1595	1 1 
1596	1 1 
1597	1 0 
1598	0 0 
1599	1 1 
1600	0 0 
1601	1 1 
1602	1 1 
1603	0 0 
1604	1 1 
1605	1 0 
1606	0 0 
1607	1 1 
1608	1 1 
1609	1 1 
1610	0 0 
1611	0 0 
1612	0 0 
1613	1 1 
1614	1 1 
1615	1 0 
1616	1 1 
1617	0 0 
1618	1 1 
1619	0 0 
1620	0 0 
1621	1 0 
1622	0 0 
1623	1 1 
1624	1 1 
1625	1 0 
1626	0 0 
1627	0 0 
1628	0 0 
1629	0 0 
1630	1 1 
1631	0 0 
1632	0 0 
1633	0 0 
1634	1 1 
1635	1 1 
1636	0 0 
1637	0 0 
1638	0 1 
1639	1 1 
1640	0 0 
1641	0 1 
1642	0 0 
1643	0 1 
1644	1 1 
1645	0 0 
1646	0 0 
1647	0 1 
1648	0 0 
1649	0 0 
1650	0 0 
1651	1 1 
1652	1 1 
1653	1 1 
1654	0 0 
1655	0 0 
1656	1 1 
1657	1 1 
1658	0 0 
1659	0 0 
1660	1 1 
1661	0 0 
1662	0 0 
1663	1 0 
1664	0 0 
1665	0 0 
1666	1 1 
1667	1 1 
1668	1 1 
1669	1 1 
1670	0 0 
1671	0 0 
1672	0 0 
1673	1 0 
1674	1 1 
1675	1 1 
1676	1 1 
1677	1 1 
1678	0 0 
1679	1 1 
1680	0 0 
1681	0 0 
1682	0 1 
1683	1 1 
1684	1 1 
1685	0 0 
1686	1 1 
1687	0 0 
1688	1 1 
1689	1 1 
1690	0 0 
1691	1 1 
1692	1 1 
1693	0 0 
1694	1 1 
1695	0 0 
1696	0 0 
1697	0 1 
1698	0 0 
1699	0 0 
1700	0 0 
1701	0 0 
1702	0 0 
1703	1 1 
1704	0 0 
1705	1 0 
1706	0 0 
1707	1 0 
1708	0 0 
1709	0 0 
1710	1 1 
1711	0 0 
1712	1 1 
1713	0 0 
1714	1 1 
1715	0 0 
1716	1 0 
1717	0 0 
1718	1 1 
1719	0 0 
1720	0 0 
1721	0 0 
1722	0 0 
1723	1 1 
1724	0 0 
1725	1 0 
1726	0 0 
1727	1 1 
1728	1 0 
1729	0 0 
1730	0 0 
1731	1 1 
1732	1 1 
1733	1 1 
1734	1 0 
1735	0 0 
1736	0 0 
1737	0 0 
1738	0 0 
1739	0 0 
1740	0 0 
1741	0 0 
1742	0 0 
1743	0 0 
1744	1 1 
1745	1 1 
1746	0 0 
1747	0 0 
1748	1 1 
1749	1 1 
1750	0 0 
1751	0 0 
1752	0 0 
1753	0 0 
1754	1 1 
1755	0 0 
1756	1 1 
1757	1 1 
1758	0 0 
1759	0 1 
1760	0 0 
1761	1 0 
1762	1 1 
1763	1 1 
1764	1 1 
1765	1 1 
1766	1 1 
1767	1 1 
1768	0 0 
1769	1 1 
1770	0 0 
1771	0 0 
1772	0 0 
1773	1 1 
1774	0 0 
1775	0 0 
1776	0 0 
1777	1 1 
1778	1 1 
1779	1 1 
1780	1 1 
1781	1 0 
1782	1 1 
1783	1 0 
1784	1 1 
1785	0 0 
1786	1 1 
1787	0 0 
1788	0 0 
1789	0 0 
1790	1 1 
1791	0 0 
1792	0 0 
1793	0 0 
1794	0 1 
1795	1 0 
1796	0 0 
1797	1 0 
1798	0 0 
1799	1 1 
1800	1 1 
1801	0 0 
1802	1 1 
1803	0 0 
1804	0 0 
1805	0 0 
1806	0 0 
1807	1 1 
1808	0 0 
1809	1 1 
1810	1 1 
1811	1 1 
1812	0 0 
1813	1 1 
1814	1 0 
1815	0 0 
1816	1 1 
1817	0 1 
1818	1 1 
1819	0 0 
1820	0 1 
1821	0 0 
1822	1 1 
1823	1 1 
1824	1 1 
1825	0 1 
1826	0 0 
1827	1 1 
1828	1 1 
1829	1 1 
1830	1 0 
1831	0 0 
1832	1 1 
1833	1 1 
1834	1 1 
1835	0 0 
1836	1 1 
1837	1 1 
1838	0 0 
1839	0 0 
1840	0 1 
1841	1 0 
1842	0 0 
1843	1 1 
1844	0 0 
1845	0 0 
1846	1 0 
1847	0 0 
1848	0 0 
1849	1 1 
1850	0 1 
1851	1 1 
1852	0 1 
1853	0 1 
1854	0 0 
1855	1 1 
1856	0 1 
1857	0 0 
1858	0 0 
1859	0 0 
1860	0 0 
1861	1 1 
1862	1 1 
1863	1 0 
1864	1 1 
1865	0 0 
1866	0 0 
1867	1 1 
1868	0 0 
1869	1 1 
1870	0 0 
1871	1 0 
1872	1 1 
1873	0 0 
1874	0 0 
1875	0 0 
1876	1 1 
1877	1 1 
1878	0 1 
1879	1 1 
1880	1 1 
1881	1 1 
1882	0 0 
1883	0 1 
1884	1 0 
1885	1 1 
1886	1 1 
1887	1 1 
1888	0 0 
1889	0 0 
1890	0 1 
1891	0 0 
1892	1 0 
1893	1 0 
1894	0 1 
1895	1 0 
1896	0 0 
1897	1 1 
1898	1 1 
1899	1 1 
1900	0 0 
1901	0 0 
1902	1 1 
1903	1 1 
1904	1 1 
1905	0 0 
1906	0 0 
1907	1 1 
1908	0 0 
1909	1 1 
1910	0 0 
1911	0 0 
1912	0 0 
1913	0 0 
1914	0 0 
1915	0 0 
1916	1 1 
1917	1 1 
1918	0 1 
1919	0 0 
1920	1 1 
1921	0 0 
1922	1 0 
1923	0 0 
1924	0 0 
1925	0 0 
1926	1 1 
1927	0 0 
1928	1 1 
1929	0 0 
1930	1 1 
1931	1 1 
1932	0 1 
1933	0 0 
1934	1 1 
1935	1 1 
1936	0 0 
1937	0 0 
1938	0 0 
1939	0 0 
1940	0 0 
1941	0 0 
1942	0 0 
1943	0 0 
1944	0 0 
1945	1 1 
1946	1 0 
1947	0 0 
1948	1 1 
1949	0 0 
1950	0 1 
1951	0 0 
1952	1 1 
1953	1 1 
1954	1 1 
1955	0 0 
1956	0 0 
1957	1 1 
1958	0 0 
1959	1 1 
1960	1 1 
1961	0 0 
1962	1 1 
1963	0 0 
1964	1 0 
1965	0 0 
1966	0 0 
1967	1 1 
1968	0 0 
1969	1 1 
1970	0 0 
1971	0 1 
1972	1 1 
1973	0 0 
1974	1 1 
1975	1 1 
1976	0 0 
1977	0 0 
1978	0 0 
1979	1 0 
1980	1 1 
1981	1 1 
1982	0 1 
1983	0 0 
1984	1 1 
1985	0 1 
1986	0 0 
1987	0 0 
1988	1 1 
1989	0 0 
1990	0 0 
1991	1 1 
1992	1 0 
1993	0 1 
1994	1 1 
1995	0 1 
1996	0 0 
1997	1 1 
1998	0 0 
1999	1 0 
